Alpha
0.007527264
0.008216313
0.005642415
0.009816348
0.008793992
0.007187959
0.007187959
0.008116297
0.008444444
0.006774901
0.005922878
0.006934135
0.020690017
0.005922878
0.008579456
0.005075669
0.005075669
0.005075669
0.005075669
0.005424827
0.005075669
0.005075669
0.005075669
0.006651033
0.009203643
0.009203643
0.010679205
0.009203643
0.010679205
0.009203643
0.009548158
0.009548158
0.018221261
0.00973131
0.007941179
0.009625577
0.010219128
0.010219128
0.007239186
0.007239186
0.007634431
0.007137205
0.021616764
0.007506037
0.009816348
-9.9
-9.9
-9.9
-9.9