Npar
1.41702363
1.318647427
1.460840084
1.300775226
1.313261262
1.426650095
1.426650095
1.404889855
1.405972949
1.420829366
1.450275049
1.41877033
1.702542326
1.450275049
1.299076013
1.455675216
1.455675216
1.455675216
1.455675216
1.378542893
1.455675216
1.455675216
1.455675216
1.413773722
1.30460037
1.30460037
1.377030282
1.30460037
1.377030282
1.30460037
1.392852546
1.392852546
1.526720386
1.298108957
1.375652903
1.38574714
1.383916533
1.383916533
1.406587291
1.406587291
1.333046467
1.427976317
1.729698786
1.405386746
1.300775226
-99
-99
-99
-99