Theta_r
0.089152138
0.126304536
0.086930856
0.125195089
0.124606121
0.087309581
0.087309581
0.088033977
0.088467261
0.094893134
0.08216116
0.088423628
0.062839874
0.08216116
0.137025322
0.089186076
0.089186076
0.089186076
0.089186076
0.117916822
0.089186076
0.089186076
0.089186076
0.092470743
0.126677326
0.126677326
0.093208107
0.126677326
0.093208107
0.126677326
0.092760309
0.092760309
0.075346658
0.129263175
0.098667898
0.091606368
0.091531711
0.091531711
0.092444627
0.092444627
0.121547385
0.087467701
0.065927446
0.090077757
0.125195089
-9.9
-9.9
-9.9
-9.9