Theta_s
0.430128823
0.516342233
0.448133298
0.503090129
0.50603864
0.427384928
0.427384928
0.413988619
0.422106958
0.469065326
0.404564181
0.417107691
0.405394191
0.404564181
0.553405761
0.429971297
0.429971297
0.429971297
0.429971297
0.494396308
0.429971297
0.429971297
0.429971297
0.428340459
0.509953208
0.509953208
0.429218009
0.509953208
0.429218009
0.509953208
0.442046853
0.442046853
0.408560546
0.524500679
0.431004932
0.424230991
0.425843198
0.425843198
0.42897575
0.42897575
0.499969686
0.42975428
0.404640926
0.417419719
0.503090129
-9.9
-9.9
-9.9
-9.9